-0.08610902533833065 3.669763240232564 0
1.0755134595617037 2.546123850466102 0
-0.11962796737208176 2.5353369366582874 0
0.23860866747649545 3.013449688985163 0
-0.03517325198975174 3.75072544949491 0
0.05986060709771768 3.269462131532217 0
0.1870163957118283 2.89217106492899 0
0.21252422871724785 2.192792929974768 0
0.2329994625740502 3.0270655955911527 0
0.4537932582310453 2.697820811647086 0
0.18167879773065018 3.7413948346248476 0
1.3472213799734594 3.657131989177688 0
-0.23471646315075345 3.338865254444212 0
0.6866429120306987 2.962712624101345 0
0.1764494390392972 3.091166390165217 0
0.5291600538356127 2.8923073362405494 0
-0.4549708384479032 3.0203595469046767 0
0.1913074567407983 3.5771151247704234 0
0.07282489104339279 3.274014068347765 0
-0.3733843222562855 3.008742231435837 0
2.713081006051561 1.2044654417904863 1
2.312907210898354 1.4297883759366359 1
2.4956005167659696 1.6259461182427513 1
1.921741303697111 1.5320938907132242 1
2.305739036454494 0.8063120561882198 1
2.456803959172518 1.1340851789454378 1
1.7419290970438261 1.1309436390634198 1
3.1836186117410734 1.05378556201635 1
2.20525723118981 0.8272089568276633 1
2.286080801478646 1.2429955361814138 1
2.0352569633100637 0.29056115247660474 1
2.3978825004338646 1.1487870785234582 1
2.578810513982352 1.5892912038071245 1
2.5414766258722805 0.9873496909741402 1
2.4692345852614905 1.185194851871724 1
2.3763215903477564 1.7450405931192092 1
2.257735167166688 0.7282810224196148 1
2.318567018048824 1.3146344246673378 1
2.9341408553273913 1.153847092975364 1
2.4759554377262485 0.790858520679348 1
4.409212341486186 4.160783904311709 2
4.334560133656209 4.755943960335102 2
4.626554199341932 4.248183211645631 2
3.8540233725244115 5.30459712383407 2
4.301173953502303 5.100248961513602 2
4.6954072734514005 5.107667869260815 2
4.032464610719657 4.627716517010879 2
4.461312586213712 5.027305900752773 2
4.371090339674721 4.537087657860494 2
3.652656464329452 4.8435893389418245 2
4.989250538702725 5.596539383156065 2
3.7140381324308565 4.905509352070208 2
4.655753351515245 4.8086009018607045 2
3.997754542324614 4.677385888038954 2
4.536872263271642 4.6118184763953245 2
5.020005116133938 4.6696958671341635 2
4.674681047171619 4.458470023515275 2
3.8537603595073127 4.956005957920953 2
4.278108408879642 4.565264793027458 2
4.88756317049426 4.647208695129128 2
4.243593753897137 1.8333609671845932 3
4.515786705990114 1.9062334012125772 3
3.8241700016871687 1.3507216517114122 3
4.251617644163009 1.4608882604944438 3
3.9940217342002327 1.930309439972459 3
3.6789545222774507 1.9974645618051554 3
4.075842846112167 1.9558021931331324 3
4.088084194230977 1.593497643508991 3
3.054754195013978 1.0615054757833127 3
4.032409535495387 1.9918433886539273 3
4.659620046733655 1.7496610490610758 3
3.506686314051174 1.8033939754183377 3
3.952399537048881 1.6545150106092494 3
3.734047170802676 1.784599122239273 3
4.1073005374223674 1.0367435751732899 3
3.8933377906931805 1.858125041750613 3
4.083586214083661 2.1289904057894597 3
3.978301060665328 1.7327602253289343 3
3.7011587088076876 1.8387043200746636 3
3.969472888031748 1.400611010804948 3
2.678766428690805 4.90480368255332 4
2.7272035872576676 4.6456801942549095 4
3.4682390749588965 4.134419861996726 4
3.3851441132879683 4.945129751302269 4
3.268512545450565 4.638747602007678 4
4.048452402997159 4.396817907097414 4
3.416582413383637 5.070034562584242 4
2.98261190018465 5.447378730637351 4
3.4157250053524546 4.353255212450176 4
4.413427939859724 5.0875333333355295 4
3.6537614391327407 4.317906952374295 4
2.880695590982545 4.360482655697864 4
3.239291991271466 4.45619465029299 4
3.325828715913854 4.399649526636811 4
3.1140289046136878 3.379517134457366 4
3.447232346142383 4.338848123827386 4
3.7361010907443744 5.453505779283409 4
3.4523434004337634 4.873517561271257 4
3.3853039222976093 4.86618065815147 4
3.729968637708144 4.351351264658312 4
1.5711634728373742 1.5006780197847784 5
1.320919483220633 -0.17334025813864296 5
0.9951291617812852 0.5324123701962784 5
1.1133247365701857 -0.5246757417914824 5
0.9012125047525753 0.4625674715470769 5
1.4178925741660424 0.5539999757522077 5
0.8784311011058236 0.6173303897457477 5
1.1147855757655885 0.6248983542411496 5
0.9920328856377136 0.005349634615113286 5
0.6690421373795195 0.5207200001663428 5
1.6421683481509937 0.41520248427694867 5
1.1023523586215342 0.6515325885525995 5
0.5515991955461801 0.6211185646383084 5
0.543914174792672 0.7174720652134824 5
0.7397923433302135 1.2330433653514044 5
1.5993473967016179 0.6884078611041695 5
1.0732502309099983 0.9682349919485917 5
1.5735383899484212 1.224149104679341 5
1.2805308417192236 0.5170465897355518 5
1.2463876684563662 0.9515929448993176 5
2.401854995907673 2.515074948610187 6
1.551316518612969 1.9592178105606373 6
1.9971784824176848 2.715783983696913 6
1.5295871299910055 1.5855539237503034 6
2.0205510754949025 2.273858206933439 6
1.5459515700604962 2.9306913409965896 6
0.6692130082061729 2.61438373234536 6
1.0305794468274365 2.7327991429046787 6
1.387063038739055 2.9011451672843456 6
2.3086428044263423 2.3296499191220814 6
2.2757281738805752 2.277095649646301 6
1.869888898063955 3.126516792813881 6
1.4757765934540905 2.420575698832475 6
1.515871872700985 3.578846591031635 6
1.6535827189677967 3.1319006506325895 6
1.4780224148528776 2.5973155988666665 6
2.312344409657996 2.1685526000325535 6
1.7535449227950173 2.0935786219781347 6
1.602472246079488 2.919570908421114 6
1.6406998146841838 3.005595423157112 6
3.017599975980023 4.669058881160359 7
3.102731938990153 5.018059695656808 7
2.806371271736495 5.113040164522569 7
3.0374808460154616 4.778145441271243 7
2.826851369397054 5.111188843856515 7
2.9244434184826837 4.7696358766234015 7
3.3561730358436006 4.943148296289372 7
3.102859331847261 4.254662047088549 7
3.393119137795047 5.187436772705107 7
4.025041814787975 5.166448071505237 7
3.3201319352111334 5.07173393317596 7
3.5116375236681243 5.308199930259701 7
2.9250054372179024 5.123802278817628 7
3.520556872368389 4.746569001987213 7
2.6905294408207263 5.470073578373403 7
2.9181643210914565 4.858385336310751 7
3.991253352930646 4.790023284969797 7
3.4277613679286616 4.083152961067777 7
3.0300115473966365 4.62804385688717 7
2.727746803632419 4.707313151911986 7
1.3988641650408118 1.854972303669088 8
0.9567232945405341 1.501560347292003 8
0.30928941594471704 1.0002065268035354 8
0.6009736911822119 1.24526450866127 8
0.4278409101686448 0.49712254094936326 8
0.3513093251313746 0.9214328733493578 8
1.0313967097671344 2.3363388826169724 8
0.7580186953717807 1.5245573031774398 8
2.030296111293996 1.8927910259201872 8
0.9026302539383851 0.9938723178227118 8
1.1752255607990651 1.1113010367930565 8
0.41496668108568846 1.4627053976885969 8
1.1310518381932475 1.199235022743153 8
1.0324190993488065 1.4576647825521543 8
1.7570148309386229 0.9401629527453867 8
1.166151005039237 1.5432454131487279 8
1.5743696347895288 1.022238123278028 8
1.3588026549429812 1.8757269015370155 8
0.4565617776342269 1.3619573637689617 8
0.2756354957088951 0.6910290870932811 8
4.584965145926971 1.5802696551327535 9
4.932361323494461 2.0640089604679446 9
4.9248566426164055 0.09754507664253609 9
5.231754542342736 1.834800472822896 9
4.799534993066371 0.9238931072683311 9
5.159870944296916 1.154973224843649 9
4.572961124508563 1.627034581478558 9
4.603504488387355 0.7638960708688316 9
3.7685403393628913 1.79802842209947 9
4.189830151694904 1.1274659652344492 9
4.4646209466689495 0.9907993502661472 9
4.828673445146172 1.1986597168044684 9
4.427988283061857 0.6137701049010271 9
4.5015263971171215 1.3590694535877685 9
4.795848235814623 0.9858508175176564 9
4.450962523583776 1.4740191552441835 9
4.120775487186359 1.1012974844197772 9
4.144311154207211 2.226856380601888 9
4.674624814494678 1.5861563695823677 9
3.596681954544455 1.6960358037378587 9
