0.6346102412923808 1.2988700205501436 0
3.153708800120449 2.826298860068076 0
2.449639287126401 2.451138463863602 0
-0.1427605487180308 1.1671272657552825 0
2.900461037828518 0.9766209956865117 0
0.283315274641015 -0.4443391356004449 0
2.5411826890332314 0.9058134300901428 0
1.1038383109811285 -0.2225452937615071 0
2.1157431983741226 1.8957841244259706 0
2.1686819716020174 0.9837912094826483 0
2.658129980257474 1.7791745786252684 0
2.510523051547496 2.506233891510261 0
0.3278619259272102 1.0286710918050945 0
0.8794216464756586 1.1277081955762747 0
2.783282824314566 1.8491034768257788 0
3.6108666352868495 1.519268153842304 0
2.462679534774534 1.809237064557666 0
0.8851268700022528 0.2555675771139341 0
1.9142705264172706 1.6342141905532899 0
1.7863546776705839 -0.8224925850155058 0
0.785598203114139 1.064641874504163 0
2.040603905119812 -0.009306371836300675 0
2.580216575634929 0.9381088462082321 0
0.27911782431588206 1.9637479443775154 0
1.924037717215075 0.5264015886694625 0
1.7623176925921584 -0.35842601564581233 0
2.7016052568342728 1.0448163742468255 0
2.551647308395225 -0.05070404356094138 0
2.2715864185091226 1.1031908959163526 0
2.360565955126261 1.355457177752288 0
1.5668483864209017 1.695827961042177 0
2.7423877369217378 2.5745470268664086 0
0.8935969624257105 1.859426559152771 0
1.6834544211901712 0.5297100860649051 0
1.380710830339372 0.44543335530475203 0
0.9329750351523196 0.19112863073750797 0
1.7128718215355185 -0.09321848643737907 0
1.2688046895483402 1.7764106626475793 0
1.30787844001356 0.0649302265640892 0
1.1050149781712988 -0.29878095324149223 0
-0.05906195707528217 0.42684809958019687 0
2.1906138679761478 0.010341235413536598 0
2.5291554458581347 0.4272015875700922 0
1.3773269755957114 2.9089502894743937 0
1.5564063925393912 0.9515318092523705 0
1.9574962647657455 3.065426458933739 0
0.9278193077824413 2.202337806987809 0
1.8836901344020007 0.6582815933654955 0
2.376789569406464 1.517240527072075 0
1.6073268984276607 1.6326766552150016 0
1.419269999007549 1.9889717305675434 0
0.4146108433676956 -0.09642697620822993 0
1.9270080145169617 1.8894461002063951 0
1.4709398404640028 2.260170440808352 0
1.8477385902322105 1.1095076914502815 0
3.3710963266451204 1.2968644723030975 0
2.4789844686466624 0.48163395985387947 0
0.2682220290279498 1.0043620297937799 0
2.329672906414177 2.0359318053083104 0
2.5347954913842083 0.6676350908230032 0
1.0481173465154374 2.29334773012594 0
0.4112419059497252 1.2349135180443416 0
0.9313551119437723 2.0915302417479817 0
1.9973913145883917 1.2925398414038354 0
1.3390488148128166 0.2332055095201142 0
1.5069750983737553 -0.040397928347165823 0
1.981176651313701 2.002253404527016 0
1.706182363721382 0.20693627397794634 0
2.0223995063091644 0.2427001634710092 0
2.8008392721160034 1.3532586614690743 0
1.7645384376875675 2.1911102790903074 0
2.6893437346178013 0.6003075070347333 0
0.42764118915584204 0.6577598004485948 0
0.6608671982294337 1.455260237479418 0
1.7291680146150672 1.6479509203043319 0
-1.1871953575677612 0.43204501018595387 0
0.7116172335388967 1.575261527396183 0
1.0286997530898332 2.2200377508068927 0
1.2612187602786329 1.9116427605760151 0
1.2595273052358436 1.7835928292630387 0
2.348531270731895 2.9452574562181892 1
3.2895798790550757 3.349462772015913 1
3.772310744258333 3.610804063624077 1
4.108283166415863 6.128945729675048 1
2.5084670771993265 2.8192611310701925 1
4.444338757414882 1.6902999410767359 1
3.4205878927318234 3.3623521237594143 1
2.4928867110688597 3.141029945902531 1
2.536301873956987 3.3423004824025173 1
2.154309192345928 3.678175355576668 1
2.5078840608180113 3.962815385478965 1
4.504421947612007 3.6300677030383106 1
3.093020765330241 4.334722304178914 1
3.053857896582651 2.59920991069024 1
4.002214236551949 3.513921772308267 1
2.2823010817508185 2.8301345880911675 1
2.508772073758563 2.2720499486211256 1
1.1411198603833397 2.420952425108707 1
3.5049664142352186 4.027506522708132 1
3.4309549875912366 3.9729255117872166 1
3.1570185444188925 3.6695067735815354 1
2.5801148058246817 3.2991176610882103 1
3.900748696677113 1.2696217269421242 1
2.9252401062862505 4.4085298127936605 1
1.5474520792934077 3.6712036854700605 1
2.123450624423347 3.0410863038457503 1
3.0103154175545717 3.9108414490173447 1
3.0475289523371103 2.3558759396277367 1
2.024065324135514 3.2554536804637135 1
2.928392841991935 2.5850852843997423 1
3.7336031050037386 3.029203282569558 1
2.951774476398709 3.264996774538793 1
3.2984694860939605 3.1502454565242055 1
1.2473967734974172 3.5219328002634196 1
4.699760040526707 4.982676340836429 1
2.7625153645242504 2.4731410182398985 1
2.3046608723859667 4.618912489947471 1
2.5950262417632115 1.7763714450595949 1
4.266422221122975 3.709384484508815 1
3.9751465949839933 1.5944728694965513 1
2.079141283346002 3.4087805422887616 1
3.967517413225986 3.9234433062327234 1
4.057783652206268 4.516632340442477 1
1.9882456536387307 2.7019773533298084 1
3.2806012233955824 1.5250317409608536 1
2.096326048733876 4.419405965421435 1
1.9834476621981612 2.6646474495344323 1
2.5747533638066384 2.9915018088952907 1
2.722922852038763 3.0713804614702496 1
3.4504999794752735 4.914843808717767 1
2.572262787656359 4.356859472056868 1
1.616282369383278 3.4867912401618093 1
2.569103350585056 2.594369826365483 1
3.407993883944288 2.7326217504832417 1
2.965697590406157 2.7549182858484724 1
2.3405330876328536 3.0447872077286826 1
4.355275489113712 2.764123447130819 1
2.426147460165345 2.0788664270683617 1
3.3128125253153207 4.245813435554896 1
3.212992365668556 3.4046663746604864 1
3.6795004755528034 1.8553833575869787 1
0.6559929355747727 2.909968466359618 1
2.6624465122896437 3.4420414957871572 1
2.923395779138798 2.958636897830301 1
2.4840143278272775 3.3885863951715987 1
2.594399956681321 4.377641617476494 1
2.529704123593746 2.920258987172502 1
4.337108687587454 2.7048184763780645 1
2.69072840640491 3.045537968705218 1
3.9899745445849044 2.7089725656157833 1
3.468568552683709 2.9440539351549107 1
3.2935488383338765 3.775630515060232 1
4.135915177613925 1.8969781729450026 1
3.89919346389621 3.2947628599279413 1
2.3270558071404395 3.449160947063988 1
1.637392801056478 1.8019394382933929 1
3.834873147513643 4.1142168690423295 1
3.134865750906836 4.954647921005742 1
2.9459179139697618 2.5355297476949725 1
2.690689722292841 2.5451938780171184 1
2.4521595417941393 1.030294252455205 2
2.6107388888655234 0.9244927706838353 2
1.9380936689648962 2.6195418522137914 2
2.6430059433952753 0.9832799485249131 2
2.8301563880254723 1.7904804855503402 2
2.675266902303093 0.03184874268725979 2
3.339756827129708 2.3920981444182097 2
3.6531528301135325 1.5346700043363415 2
2.952999568136077 2.8435170182670406 2
3.4911236395821317 0.8911753437265928 2
2.897670736497419 2.4469165418616665 2
2.7355449880292415 1.6646830878970045 2
3.0666464901242203 1.2774055138540414 2
2.7872518671088704 1.3223242849844494 2
2.808170178553287 1.7488194523682612 2
2.787763178900186 2.4735824977860643 2
3.7667821825544188 0.19527520264939136 2
2.8202804373973342 1.41241164597996 2
3.6263539528681465 1.6982672013536584 2
2.6722979447591833 2.7727709937359384 2
3.067609320934282 1.6989843463001308 2
3.495248107234067 2.3174497643069154 2
2.1376705512930654 2.6973818980231914 2
2.810765489526823 1.348789641043147 2
4.530033904850895 1.9226267139609539 2
4.763395396722826 0.8222431687364995 2
2.651172126804203 1.5302142961881933 2
2.8703689357474453 0.15987675736304818 2
2.3097738920931192 0.5920724021589829 2
2.0603631182767845 1.4894677655459134 2
2.844897725748269 0.4765366569689933 2
3.868614566279768 2.6403823517197957 2
3.218074901588686 2.560358800800648 2
3.233884292206356 0.5872880763900516 2
2.331574437307726 1.9232663277798214 2
2.1216138259812913 2.564156424217817 2
2.6223345112194836 1.1607131998855293 2
4.198696953703143 1.6233522935541267 2
2.8075438157419557 2.576908646020124 2
2.524291927584239 0.9040204536272674 2
2.3709427616489593 2.7698377254940723 2
2.5130074198083725 0.3234831493425645 2
2.761483002367484 1.0324364638779797 2
4.293308849762439 2.1058276166410987 2
2.9316158564692647 1.8107023009492553 2
2.2319793200332616 0.26843275956891777 2
2.84736512922386 2.5788001557197573 2
2.0168108152762985 1.9377949524736604 2
3.120739007097194 2.891234682289605 2
2.908294178866781 2.2857384945450705 2
2.9089010693364967 1.120388570455384 2
3.17172687251495 1.4859615425561883 2
3.201646034592457 1.9216725050152785 2
1.8384440634001553 1.5729612992721804 2
3.617519440296015 1.471073871874136 2
0.8883479192582551 3.881258898332071 2
2.6862168664896027 2.514919547013102 2
2.482597742208228 3.079512169421348 2
3.02580010657791 1.283270658306051 2
1.6483193240224583 2.4502563876889925 2
2.344000149130776 2.4229055808471367 2
3.78453836919428 2.160016408289747 2
2.6349420285967384 1.5102013104894711 2
3.2761202871514588 1.5439691730266913 2
3.52590930107662 1.278194960531952 2
1.385076793344736 -1.0426994465456048 2
3.6775030518150795 2.560925582414952 2
3.1296987099174602 2.0086341459752135 2
2.7666984093810267 2.3995725552072775 2
1.9857305807993748 0.6660746119311514 2
2.153538766139838 1.9217079165420174 2
3.1585675373340862 0.6641967716820192 2
2.0887753824572903 0.7356315043219056 2
2.925596397681105 1.1191131426109981 2
2.3326423478924587 0.8372574325703466 2
1.9648202036687008 1.7734910307927472 2
1.9992610788653242 2.9260938543270134 2
1.2860264211061139 1.5862430714105225 2
3.0838779628039723 1.727104177518278 2
3.9493725588674584 0.37442506301019685 2
